v. 230112
1
549 0 4 0  451.062  319.488 -47.3024  402.359  250.794 -47.1554
1
0
0
speedup 1
offset 0
have_timestamps 1
88
 487.714  266.987 -47.3492 5
 482.378  259.308 -47.3302 17
 480.668  249.958 -47.3169 34
 481.344  240.439 -47.3085 50
 483.061  231.965 -47.3032 67
 484.942  224.981 -47.2999 84
 486.689  219.172 -47.2975 100
 488.359  213.794 -47.2954 117
 489.359  212.794 -47.2964 134
 489.359  211.794 -47.2954 150
 489.359  211.794 -47.2954 167
 489.359  211.794 -47.2954 184
 489.359  211.794 -47.2954 200
 489.359  211.794 -47.2954 217
 489.359  211.794 -47.2954 234
 490.359  214.794 -47.3006 251
 497.359  234.794 -47.3358 267
504.359 252.794 -47.369 284
 515.359  274.794 -47.4146 301
 524.359  297.794 -47.4571 317
536.358 322.794 -47.508 334
 547.358  346.794 -47.5557 350
 558.358  370.794 -47.6034 367
 566.358  390.794 -47.6407 384
 568.358  406.794 -47.6614 400
 568.358  418.794 -47.6739 417
 568.358  425.794 -47.6811 434
 568.358  427.794 -47.6832 451
 568.358  428.794 -47.6842 467
 568.358  428.794 -47.6842 484
 568.358  428.794 -47.6842 500
 568.358  428.794 -47.6842 517
 568.358  428.794 -47.6842 534
 568.358  428.794 -47.6842 551
 568.358  428.794 -47.6842 567
 568.358  428.794 -47.6842 584
 568.358  428.794 -47.6842 600
 568.358  425.794 -47.6811 617
568.358 422.794 -47.678 634
 566.358  417.794 -47.6687 651
 558.358  406.794 -47.6407 667
 546.358  394.794 -47.6034 684
 532.358  383.794 -47.5629 700
 516.358  374.794 -47.5204 717
 500.358  364.794 -47.4768 734
 487.359  356.794 -47.4416 750
 475.359  348.794 -47.4084 767
 462.359  338.794 -47.3711 784
444.359 318.794 -47.313 800
 429.359  298.794 -47.2612 817
 416.359  274.794 -47.2093 834
 408.359  260.794 -47.1782 850
 402.359  250.794 -47.1554 867
 402.359  250.794 -47.1554 884
 402.359  250.794 -47.1554 900
 402.359  250.794 -47.1554 917
 402.359  250.794 -47.1554 934
 402.359  250.794 -47.1554 950
 402.359  250.794 -47.1554 967
 402.359  250.794 -47.1554 983
 402.359  250.794 -47.1554 1000
 402.359  250.794 -47.1554 1017
 402.359  250.794 -47.1554 1034
 402.359  250.794 -47.1554 1050
 402.359  250.794 -47.1554 1067
 402.359  250.794 -47.1554 1084
 402.359  250.794 -47.1554 1100
 402.359  250.794 -47.1554 1117
 402.359  250.794 -47.1554 1134
 402.359  250.794 -47.1554 1151
 402.359  250.794 -47.1554 1167
 402.359  250.794 -47.1554 1184
 402.359  250.794 -47.1554 1200
 402.359  250.794 -47.1554 1217
 402.359  250.794 -47.1554 1234
 402.359  250.794 -47.1554 1251
 420.359  256.794 -47.1989 1267
 451.359  260.794 -47.2674 1284
 492.359  267.794 -47.3597 1301
 516.359  272.794 -47.4146 1317
 524.359  274.794 -47.4333 1334
 524.359  274.794 -47.4333 1350
 524.359  274.794 -47.4333 1367
 524.359  274.794 -47.4333 1384
 522.361    274.9 -47.4293 1400
 516.979  274.956 -47.4182 1417
  507.67  274.349 -47.3982 1434
 496.785  271.994 -47.3732 1450
